0.3, 0.03, 27748.68, 18.4022985903, 97581.0586442, 8054.42114077, 154.072339548, 7649.59627389, 95909.6771672, 8008.78631335, 21.0117188623, 7895.75718498, 7288.32336261, 94231.1897541, 95917.798727, 6829.18278572, 7043.761348, 7133.03307705, 242.859046662
0.3, 0.03, 27621.05, 5365.28845078, 7322.42876778, 96614.9777175, 63.3916516481, 8362.97136302, 5550.98090232, 8151.22452958, 7814.36201124, 5600.16538898, 9189.534469, 96255.7840927, 190.816376303, 96376.0552194, 8.62583989293, 95024.0962576, 46.0854925198
0.3, 0.03, 27190.9, 96.4306919379, 5918.23041445, 4960.63247101, 82.3146425609, 95048.3053632, 92435.152052, 95230.3133029, 94828.0426539, 7819.7559429, 7614.82014997, 6807.07149127, 6397.01893817, 8658.28325412, 60.6554093109, 8974.73833401, 122.569755997
0.3, 0.03, 27365.39, 93387.9885814, 9743.18340406, 112.164779225, 1.32170879191, 4659.0417345, 7744.89035567, 92258.929715, 102.610278823, 5095.23624081, 5106.28818591, 8682.08138272, 6511.05481678, 0.0526201726643, 99829.5087289, 94785.6445003, 9826.3155823
0.3, 0.03, 27911.38, 243.831338169, 205.843577612, 9971.50375893, 7000.06964543, 18.7210592808, 96565.313628, 0, 96688.4375492, 9073.27438603, 7843.1833198, 9352.94354154, 95563.6768945, 94115.9055964, 6894.76648204, 6215.78604025, 6828.83581871
0.3, 0.03, 28087.14, 9632.22350142, 9521.09846562, 409.583555465, 6930.88148935, 96826.1348435, 18.1018192857, 25.60271324, 142.063228817, 10129.9465094, 95707.7939797, 7252.76686876, 95751.9608658, 96163.4620297, 7301.69467868, 7284.52650265, 6296.36115973
0.3, 0.03, 27775.72, 94860.317687, 7349.27843738, 7594.26231199, 23.8056003088, 7317.15159619, 191.406591354, 114.287353482, 8249.81071847, 8053.08747553, 96694.9194039, 95530.4053852, 8286.05081452, 95752.7656317, 15.4869482997, 7411.66835379, 6966.74345175
0.3, 0.03, 27434.39, 10345.2502154, 8554.92002008, 95928.9179572, 93513.5496084, 59.966183388, 9555.99052459, 79.0989359231, 3798.78113728, 6680.427377, 47.4671093194, 5075.96345328, 97401.5916891, 6324.42472965, 94484.3386993, 7091.87921504, 7.71926605027
0.3, 0.03, 27413.29, 5393.10953835, 8041.91328481, 8548.12545143, 0.671436107926, 9667.04377591, 96.9014049189, 278.818695538, 3992.45016239, 0.567810192687, 5972.59016349, 95809.7655503, 4600.23690398, 11242.1686565, 96361.5369366, 94151.8983819, 94454.7631454
0.3, 0.03, 28005.65, 11646.3550427, 5521.09747518, 97059.764833, 95150.128892, 9320.18011976, 8878.7785074, 7103.01802187, 191.937809414, 0.0535579042264, 8296.88183071, 93669.8882066, 97023.7984714, 7814.37022437, 134.119062449, 0.616386845323, 6279.38448336
0.3, 0.03, 27515.07, 9179.28937913, 6642.83479103, 7192.30166711, 95453.3184374, 136.0407466, 0.0547394561484, 8033.71507451, 0.271481536583, 94043.8526701, 7572.84696173, 93757.2653857, 6506.13403148, 221.442913974, 8511.77299432, 7735.45138722, 95254.5882271
0.3, 0.03, 27407.45, 43.1544797052, 94962.2859945, 7854.4508552, 6755.60380781, 6648.14481564, 5107.95076428, 8282.20839532, 96568.8176201, 6.93448464614, 337.685113803, 6456.87951165, 8504.63180057, 94468.5757295, 6935.36751884, 51.942667988, 95534.6379563
0.3, 0.03, 27635.47, 97441.9602128, 0, 7708.5000972, 6243.08995641, 7195.61512915, 6858.02252412, 96458.4376125, 96901.7056173, 8595.62940736, 0.197681057523, 5615.09375789, 6771.38654518, 6724.00608788, 95508.9311694, 71.3967173957, 73.5526631867
0.3, 0.03, 27690.05, 174.39912855, 8447.72367087, 7660.64459397, 113.108627935, 95685.2213618, 95485.3257787, 7265.52353641, 25.9721744471, 95.6222241199, 10569.3182009, 6521.31473105, 5679.09369002, 7344.98864187, 95609.8215747, 8018.58113429, 94344.2194213
0.3, 0.03, 27269.79, 93520.5185012, 94579.6365511, 261.836477398, 6246.58566831, 9148.55490252, 11.0970445111, 6864.01701711, 93011.0004375, 6339.34124939, 6965.66012747, 7575.64868541, 7649.36367585, 95781.0719787, 255.487985298, 10.6705697569, 8096.10736129
0.3, 0.03, 27482.79, 95305.1409547, 8052.78222537, 8534.59160827, 94190.2359006, 7716.78659764, 6693.11534879, 118.96213444, 46.0639693664, 49.1627947145, 7348.96927626, 9022.2349285, 96412.8803686, 94169.3369509, 6312.37759718, 113.064669346, 5638.89577164
0.3, 0.03, 27945.81, 8769.75649438, 8915.66632245, 7321.46124162, 23.0764989188, 95732.3059835, 9875.35928117, 111.031213976, 7169.78842111, 4.12643604601, 95329.1518745, 95136.3266202, 86.6729061687, 7409.313428, 95929.255475, 8072.30540067, 7247.32351796
0.3, 0.03, 27474.8, 6158.46221132, 6368.61436227, 96727.8993456, 6797.33004157, 7195.96067267, 95584.2113303, 86.3667546036, 6438.89882345, 25.3337538005, 7688.01823029, 95442.0444667, 1.30146885247, 94625.6438734, 112.980621304, 7458.06069945, 8885.70138038
0.3, 0.03, 27783.88, 7329.63416346, 8832.93294651, 5716.92760576, 45.3428693897, 52.2095595881, 94769.1356761, 98839.9848237, 5519.48020456, 82.6792593863, 7851.55586617, 60.305613385, 95980.529039, 94695.5653154, 9124.3200394, 7812.0435944, 7829.50638943
0.3, 0.03, 27346.97, 6627.54546685, 6878.38474515, 6885.14084266, 8425.29715524, 7044.79320505, 91.0626341952, 152.028951502, 95910.2476933, 93778.3886698, 6508.45294338, 66.9904802867, 6494.57655502, 95115.5976129, 68.1286382391, 8927.03664393, 94577.85637
0.3, 0.03, 27321.4, 7085.06870165, 7235.23197162, 1.99660431711, 7280.47817199, 98041.8169737, 6846.53658177, 95137.4539839, 94.2616850319, 7032.94454059, 218.016232672, 6368.14361233, 93828.2171787, 4670.96521697, 8130.52698517, 95161.6970167, 9.1009631713
0.3, 0.03, 27600.87, 96554.7463957, 94137.0900667, 8561.72387687, 7217.2217248, 0, 94512.7614166, 6576.95539629, 243.182278732, 93956.8282015, 7174.28020646, 7963.51540416, 6735.81549146, 328.060939884, 8725.91667115, 0.0699534800704, 8925.82924977
0.3, 0.03, 27453.08, 5758.87738186, 8500.52894473, 8110.92045954, 6.35397320633, 95947.5906931, 94877.018465, 7872.31268519, 7459.27911062, 8.34191911863, 94649.7977848, 19.6528285088, 7773.35504587, 95960.0874383, 6139.34982178, 6136.38369162, 29.4207984244
0.3, 0.03, 27632.82, 8808.48049182, 5545.13995034, 8162.64233766, 5585.52725012, 8654.27873688, 96331.2625897, 0.0559556838643, 93773.494878, 96782.1758378, 7435.11016489, 95043.2051267, 9223.73790257, 27.945656118, 48.5540634198, 48.4098642166, 6655.03002676
0.3, 0.03, 27248.55, 35.2002688007, 6055.1981489, 33.8255234413, 96130.2832842, 7259.78985674, 7216.3910793, 124.78194185, 6836.21937471, 8736.9507461, 93046.0262033, 94767.7662824, 0, 6967.15670326, 6473.63386954, 7400.61657816, 94892.9435408
